9

0	

1
1

2
1 3
2 4

3
1 4 6
7 8 3
9 2 5

4
16 2 3 13
5 11 10 8
9 7 6 12
4 14 15 1

7
30  39  48  1  10  19  28  
38  47  7  9  18  27  29 
46  6  8  17  26  35  37  
5  14  16  25  34  36  45  
13  15  24  33  42  44  4  
21  23  32  41  43  3  12  
22  31  40  49  2  11  20 
 
9
37  36  26  16  6  77  67  57  47  
48  38  28  27  17  7  78  68  58  
59  49  39  29  19  18  8  79  69  
70  60  50  40  30  20  10  9  80  
81  71  61  51  41  31  21  11  1  
2  73  72  62  62  42  32  22  12  
13  3  74  64  63  53  43  33  23  
24  14  4  75  65  55  54  44  34  
35  25  15  5  76  66  56  46  45  

11
68  81  94  107  120  1  14  27  40  53  66  
80  93  106  119  11  13  26  39  52  65  67  
92  105  118  10  12  25  38  51  64  77  79  
104  117  9  22  24  37  50  63  76  78  91  
116  8  21  23  36  49  62  75  88  90  103  
7  20  33  35  48  61  74  87  89  102  115  
19  32  34  47  60  73  86  99  101  114  6  
31  44  46  59  72  85  98  100  113  5  18  
43  45  58  70  84  97  110  112  4  17  30  
55  57  70  83  96  109  111  3  16  29  42  
56  69  82  95  108  121  2  15  28  41  54  

11
56  55  43  31  19  7  116  104  92  80  68  
69  57  45  44  32  20  8  117  105  93  81  
82  70  58  46  34  33  21  9  119  106  94  
95  83  71  59  47  35  23  22  10  119  107  
108  96  84  72  60  48  36  24  12  11  120  
121  109  97  85  73  61  49  37  25  13  1  
2  111  110  98  86  74  62  50  38  26  14  
15  3  112  100  99  87  75  63  51  39  27  
28  16  4  113  101  89  88  76  64  52  40  
41  29  17  5  114  102  90  78  77  65  53  
54  42  30  18  6  115  103  91  79  67  66  
